RLS_036_OS_TC.jpg [[1, 3], [2, 3], [3, 2], [3, 4], [4, 4], [1, 5], [1, 4], [1, 2], [0, 2], [1, 0], [4, 1], [2, 1]]
RLS_148_OS_TC.jpg [[4, 4], [1, 5], [1, 3], [1, 2], [3, 2], [4, 1], [3, 1]]
RLS_060_OS_TC.jpg [[3, 2], [4, 3], [3, 4], [4, 4], [1, 4], [1, 3], [1, 2], [1, 1], [4, 1], [2, 0]]
RLS_038_OD_TC.jpg [[3, 2], [4, 3], [4, 4], [3, 4], [1, 5], [1, 4], [1, 3], [1, 2], [1, 1], [4, 1], [2, 0]]
9005_OS_2021_widefield_report.png [[3, 2], [4, 3], [4, 4], [3, 4], [1, 4], [1, 3], [1, 2], [1, 1], [4, 1], [2, 0]]
RLS_079_OD_TC.jpg [[3, 2], [4, 4], [1, 5], [1, 3], [1, 2], [1, 1], [4, 1], [2, 1]]
8962_OS_2021_widefield_report.png [[3, 2], [4, 4], [1, 5], [1, 3], [1, 2], [1, 1], [4, 1], [2, 1]]
9025_OD_2021_widefield_report.png [[3, 2], [4, 3], [4, 4], [1, 5], [1, 4], [1, 3], [1, 2], [1, 1], [4, 1], [2, 0]]
RLS_086_OS_TC.jpg [[3, 2], [4, 3], [4, 4], [3, 4], [1, 5], [1, 3], [1, 1], [4, 1], [2, 0]]
RLS_092_OS_TC.jpg [[3, 2], [4, 3], [4, 4], [1, 4], [1, 3], [1, 2], [1, 1], [4, 1], [2, 0]]
RLS_081_OD_TC.jpg [[3, 2], [4, 4], [1, 5], [1, 3], [1, 2], [1, 1], [4, 1], [2, 1]]
9140_OD_2021_widefield_report.png [[1, 3], [2, 3], [3, 2], [3, 4], [4, 4], [1, 5], [1, 4], [1, 2], [1, 0], [4, 1]]
RLS_083_OD_TC.jpg [[3, 2], [4, 3], [4, 4], [3, 4], [1, 4], [1, 3], [1, 2], [1, 1], [4, 1], [2, 0]]
RLS_078_OS_TC.jpg [[3, 2], [4, 4], [1, 5], [1, 3], [1, 2], [1, 1], [4, 1], [2, 1]]
RLS_097_OD_TC.png [[3, 2], [4, 3], [4, 4], [1, 4], [1, 3], [1, 2], [1, 1], [4, 1], [2, 0]]
RLS_053_OD_TC.jpg [[3, 2], [4, 4], [1, 5], [1, 4], [1, 2], [1, 1], [4, 1], [2, 0]]
RLS_064_OS_TC.jpg [[4, 4], [1, 5], [1, 3], [1, 2], [3, 2], [4, 1]]
RLS_148_OD_TC.jpg [[3, 2], [4, 4], [1, 5], [1, 3], [1, 2], [1, 1], [4, 1], [2, 1]]
RLS_051_OS_TC.jpg [[3, 2], [4, 4], [1, 5], [1, 4], [1, 2], [1, 1], [4, 1], [2, 0]]
RLS_045_OD_TC.jpg [[3, 2], [4, 3], [3, 4], [4, 4], [1, 4], [1, 3], [1, 2], [1, 1], [4, 1], [2, 0]]
9071_OD_2021_widefield_report.png [[3, 2], [4, 3], [4, 4], [1, 5], [1, 4], [1, 3], [1, 2], [1, 1], [4, 1], [2, 0]]